24903
15374
29924
18069
29967
20440
630
10214
11371
25456
2853
19365
22909
22152
406
10734
20735
16376
26226
30910
13734
11452
8758
8376
13823
5325
19587
15873
25368
29105
9628
10852
16935
19574
26108
15438
20617
27485
21669
14883
28793
17645
10936
22289
17910
10896
29623
30838
15218
15045
6200
14125
29233
2568
11173
26481
24244
11259
4285
6482
29337
9170
17227
31934
12232
12500
19327
12235
27437
23692
1737
3285
31243
31621
4967
21385
31629
32286
5737
23629
27365
4613
14438
17901
21778
13973
32505
12788
16300
23096
15383
18758
9344
21396
16828
22113
6204
6002
29964
7205
20947
2406
7462
14977
31761
22304
8761
26458
28378
11187
6703
3441
7229
30859
8806
29551
11761
25322
6371
3635
20376
8691
4762
20487
9265
18911
28818
7101
17260
6889
25645
24849
14069
11457
29327
6538
21770
13204
23936
8198
1675
12968
24293
13294
23686
5363
7952
3009
13979
6829
24187
4191
2191
29051
21862
9999
1421
10357
9295
26382
25180
13260
12756
28650
697
27276
6424
2166
31743
10265
5327
25391
22561
3404
2575
7068
10667
11679
19753
23962
27051
857
22841
21827
11194
28929
5094
29464
17737
30944
28604
23494
11943
22096
20349
20078
6806
1817
2219
18226
25621
11961
8656
29432
6322
25012
167
26044
13320
10923
28669
31703
26683
662
23399
238
18541
7750
3608
20956
32208
4761
6124
3746
20783
26308
32417
1987
10990
30394
23764
4903
5416
13855
16136
11456
4053
9242
16891
29200
1704
1354
27893
31352
24899
11649
32002
6541
14378
1471
27392
25691
20889
15708
27456
21329
27586
17732
32250
23919
12543
16417
23607
11300
2250
7944
26665
32040
23461
15916
27363
5194
8662
9106
30973
11246
21085
28427
28367
29237
3237
19995
28040
765
13190
24854
1565
29332
23684
3439
11038
27075
2338
19254
26714
3946
31569
12647
4947
22221
15540
21230
16608
23887
1477
19
309
30761
28533
32758
10833
21684
7912
7896
11314
4336
4816
12284
26861
21464
7324
25076
25993
16982
20066
6922
16782
3039
25808
14764
22378
9529
18919
3854
7125
22900
23689
18378
20700
8688
18529
28874
25231
20542
11595
7849
29895
28280
9599
29871
5439
28938
29699
10977
22442
103
27237
8635
7674
11610
11555
23556
17754
17403
19972
4622
849
16744
14548
32432
2056
17743
28051
30427
19983
21045
10872
24864
32691
22257
4315
11251
29561
13439
1654
13206
21560
26000
27455
750
32331
8482
32123
13804
21618
17921
8448
7951
14461
8806
26386
21511
19027
20225
20714
25875
17908
7840
12792
14210
20561
6677
25575
25186
9169
5355
2960
13204
15298
26031
24663
4653
2467
13840
5442
21046
5936
25090
10146
7410
5353
21957
12192
17192
446
487
27441
30665
17075
30363
28087
14505
26086
28155
15068
17495
16571
18497
17776
31421
7237
2462
32063
16996
17903
26139
6695
633
27495
15484
5830
16217
8140
15079
20350
5811
24194
22617
15211
32212
5061
9987
19707
12413
24331
24696
8533
4186
17769
7081
1178
22856
6047
25411
29938
22870
13423
25508
19338
21546
6741
25179
28265
18216
20555
2574
7945
6782
18605
2718
17269
19459
29065
27293
3937
15595
8159
5614
28360
12964
27186
2123
9097
2356
25818
19276
32091
31477
1408
16328
5403
19910
8355
15710
4265
1276
20875
12854
32036
1698
11231
31595
15193
29528
17963
24719
32137
16059
8116
1702
11476
9022
15506
6597
26602
18570
28762
20025
3162
27691
8178
1813
8307
29920
21881
4476
774
6166
27115
26612
32262
18654
5683
30918
20611
27562
30347
24513
8078
16333
12034
19800
3403
17821
29370
19395
2823
9218
11301
16454
19476
25236
25362
18421
24878
14686
24894
25398
5854
19375
24196
16060
22231
29223
28415
12405
32176
23427
4833
9199
11532
3542
1666
17111
19079
29632
25621
20045
23916
27681
7243
6060
8373
25632
8486
26016
6523
3391
12340
17721
17391
9123
9995
28788
25560
1674
1664
18208
10587
13927
25685
17097
11965
2290
26962
15574
11676
6330
30609
23873
23471
28143
1678
31051
27631
11882
20411
14684
25687
12471
26079
5752
8313
7237
2019
22321
27285
32733
5764
27618
23797
24931
21245
937
26323
22837
18090
28850
26071
13645
30935
5300
14444
21334
29131
28121
20551
31072
18917
23838
6961
18688
12098
12407
21729
3484
8412
29326
24525
7238
18973
16804
4749
29507
29007
514
26173
27145
8338
21012
24319
26014
27530
13372
2977
12009
31415
2658
21825
17189
15378
23443
9308
5718
27009
15140
30127
16351
21977
12702
2061
8406
24959
23806
12640
14986
22351
1757
20822
2447
12416
14174
5085
14067
16250
27272
15786
29407
13872
4250
9638
24109
32399
29407
10308
4885
21200
28668
4012
708
17548
31657
15231
14670
19466
22685
19992
16957
16662
6688
20679
23285
9267
20018
23131
4054
20404
14242
3327
28891
21948
20051
15716
32406
12221
20169
11814
32688
4904
16971
19490
25526
29950
29034
1647
543
25664
12877
24916
25242
7294
7917
30566
19125
25639
23986
28550
28221
7450
20745
21311
85
19867
6514
8629
9123
24279
13166
7893
13264
21402
11907
21665
16741
29962
32157
1552
1389
24957
3515
3799
31596
9295
16705
19157
29643
19743
16414
8299
24410
8931
27987
4468
422
17827
25901
7001
29146
14120
13341
28101
10390
16761
4931
16959
24886
15310
3178
8683
28298
15898
13482
7137
23553
20202
27545
14202
27284
22518
29304
10723
7629
3572
9339
6373
30893
21030
26192
19962
30216
7724
29568
23965
31208
3275
8603
963
7668
2110
24031
6515
32650
29389
8817
10651
13662
14285
4396
29686
20916
14932
654
20817
8109
8969
9802
183
32576
739
9633
11627
27063
5162
22568
25088
10526
1829
8389
27120
4329
23956
21461
27264
4448
22957
9067
26023
19060
8574
631
31537
21686
10308
5778
30298
13232
1950
5986
12758
28493
20627
3813
2101
26658
8413
19685
31382
15219
3491
32606
3385
14124
19145
21131
11102
14066
24323
30380
16045
576
24028
10836
10518
5679
28132
12576
16909
891
5336
29222
8131
21637
29170
22939
32388
4646
14814
21661
15080
28081
8271
23107
7857
6547
9462
8761
92
10233
24951
955
1337
28830
8830
2943
16342
5341
24629
28374
21886
20016
25381
17090
28054
14578
13061
12956
16437
24484
8035
11089
25436
20496
32023
659
12303
25690
27247
23525
19720
28191
15459
4067
10801
7910
14382
27086
22167
27750
8432
213
10963
14807
24654
23806
22654
24408
18308
13893
4277
32538
12356
24314
10526
10404
15893
91
543
28482
32547
28274
10987
10962
19761
31232
10056
8190
227
18321
8099
17581
19025
6348
13360
17630
26275
44
28659
29878
1111
3086
29553
893
10179
11643
2631
24487
2163
15508
19623
3933
24323
21491
8467
32162
15108
2801
32002
18345
23874
9538
4114
15128
22019
26277
30940
20531
31188
32481
5294
18741
20752
5888
7577
11061
12880
23416
11843
19816
26332
10278
1167
22347
7052
4782
28616
17879
11238
6698
18182
26744
24509
8228
16136
15686
23199
7741
16081
11597
18508
32612
1503
8903
19153
27484
7545
4655
21993
27561
23295
23658
20033
17600
10936
21776
15433
3994
19784
13325
17892
12121
15066
27467
16591
2432
16653
28752
19518
13773
23933
29460
16348
14698
27566
85
27128
14031
23489
1298
32104
25993
7048
3327
18752
10595
24756
24466
1186
26920
23155
14548
464
2163
25011
15352
18483
3461
9185
11571
4118
14267
1809
4997
15150
21738
1639
4128
12309
21405
29492
6066
10704
21536
3246
4944
30260
3170
6602
17145
29905
1717
24208
18891
23673
17287
32258
24190
23726
9109
9922
4949
14872
7757
24125
32461
18088
27581
31747
23673
14415
24943
31412
27609
9336
31454
8235
5539
3833
5760
25144
2905
978
24943
31200
26140
29102
24214
19244
21360
3833
13007
20664
7479
3494
5408
2683
4504
18626
20234
6699
8850
8697
32267
17523
29283
27688
27302
19972
10273
10798
16995
11173
32213
19970
4016
31497
17877
20745
23823
4985
8166
24888
21394
17883
14709
17169
19352
27929
9469
259
9988
2476
15209
10989
20096
14114
18059
22718
18222
17348
4322
8992
3178
3872
7035
10791
4422
16529
1456
1950
11093
27291
32569
6168
21074
13676
21627
5529
3584
14157
17197
25041
27491
18753
2164
1111
29940
20987
25183
27480
24341
28884
29440
14602
29431
19027
18420
24
19496
836
5118
18828
12474
14957
32602
11356
2113
4811
21636
26424
6338
31674
30022
19022
1510
23149
18795
11354
447
22922
9479
10218
2268
17551
9261
3075
19561
13959
4363
27186
4181
24144
1606
32655
16796
29748
14634
8305
5658
4610
27141
1702
4764
17589
495
31176
22771
24508
18973
22442
28562
4191
27843
12145
13025
1876
13644
9615
1009
23054
22599
11477
4068
21859
29090
20617
29589
17505
30443
23825
9678
7766
17700
19496
30200
8360
13931
23511
1210
24565
30257
16158
27709
15777
19114
32110
18467
1329
32251
10991
17717
12961
8866
26759
13376
24742
27028
12636
11878
11696
14544
4279
28395
7549
4629
15500
6496
1721
32169
28170
29365
19996
7020
1064
6343
14363
5913
27963
30499
8368
8644
32021
2246
2963
32758
30734
4844
368
27740
11385
16778
27017
12265
5258
7964
5154
19891
19658
31665
10984
3052
19833
28159
1886
27584
18895
17376
14459
8448
10886
20585
21641
4544
3669
4281
31089
28872
32060
7776
21415
2357
5574
7738
31629
4581
23954
12130
19291
31656
22772
6783
14881
24165
27189
23635
25448
31483
30243
29659
18578
4646
15590
9823
21466
11676
26469
20277
14931
13364
26273
27656
10800
16645
25221
17715
21473
5357
5048
11843
18489
7441
26599
32107
4728
10498
24153
14000
28377
7927
31610
3098
13156
28569
20991
26989
31188
28756
14537
21267
9224
6645
20646
31701
6691
8356
407
27969
24949
23300
27562
3220
25893
982
1620
1634
12865
26317
16202
11189
7453
27225
10650
19552
28873
14076
32643
1099
28708
19760
18886
31006
21434
4290
20039
10911
24958
11608
6077
11698
11944
18949
16339
17650
7053
24147
9557
9945
472
15024
5342
5084
26959
30235
5013
23612
27467
14074
1010
7929
7419
15900
11007
32358
27586
6707
14345
25177
30504
29590
3372
32469
1056
21251
7718
32456
1473
31045
21272
31121
16792
29759
510
2334
7515
32128
28847
31599
16212
19265
7911
20860
24058
25498
8732
763
11582
25417
30551
4528
30751
23620
7906
13280
25711
22228
9151
31222
6999
5486
29036
515
8357
24397
18217
28221
4510
18099
20819
18967
14087
27254
29387
3095
19912
4841
12765
9702
20822
32576
23708
16324
6117
23647
6125
22811
9337
8458
16343
16706
32121
8892
6788
23716
5566
11494
13924
4732
8158
22068
31377
26459
11235
17833
31785
9228
4262
15339
18221
3029
27887
26439
27050
19406
27770
20979
13184
21918
13149
19809
8022
23387
22764
6923
11880
15160
27508
17671
1307
17044
8428
27601
27778
22615
17192
8722
77
23999
16150
32288
5816
2654
25061
1628
8794
27488
4557
13741
9032
28062
14533
18146
16744
18624
21344
21421
10704
21579
2158
11041
16975
2257
25155
12441
9275
16216
27278
20361
15237
9790
24838
21834
6029
11794
19280
5945
20202
31355
14001
11459
30635
4967
31652
2641
21115
7638
1883
28382
18743
25872
5829
3103
30543
27081
2880
19395
1356
547
1246
15795
22890
17778
23784
4419
28281
30786
16755
7630
29092
28619
32483
4414
12292
28373
3704
3533
12440
2025
25889
3749
4046
19740
3395
24892
15791
26060
21531
19698
24942
12950
18636
439
6408
28530
16914
13831
12573
29438
15786
3237
16253
19262
32312
7814
4972
7021
15307
13360
16092
7629
4831
8751
31858
12242
2022
3535
21145
27091
8532
5870
3606
26417
31810
1514
18988
19387
2590
17668
5016
8475
5587
323
25865
25905
31508
28881
17876
1125
14042
18578
7237
13174
5910
13021
29613
31210
29837
848
11122
135
11976
32545
24604
1695
21743
7090
25747
30436
319
28552
2880
9058
13463
11279
4734
9782
17974
13411
2733
3055
2160
29107
14236
5721
15037
3348
13927
15034
3268
9767
1201
10998
180
11738
17929
11727
8490
31375
29486
29673
32604
10296
8686
14196
23067
20147
2892
16905
2324
3566
17729
17033
22754
2324
15559
21058
29212
18039
28353
21734
19334
21045
16002
29791
12154
1895
2449
6028
30657
24283
540
2130
27854
22254
20895
18639
12444
27913
32160
13372
4031
19405
7529
24812
24284
25885
22333
26634
5059
31399
28419
23104
22743
15946
7786
28388
15513
28606
14737
8112
21
1077
19961
11676
27619
5609
2579
2547
21776
7179
6015
5886
12327
27335
16765
6150
17719
10277
5875
11251
29598
15830
20095
29730
29793
17778
21605
15017
15881
25865
19271
24139
4906
18346
319
1611
24837
12615
13123
11423
3806
6529
1106
23033
7887
21100
23766
8254
31044
28718
25461
9415
10994
1500
26942
32667
6536
15529
14846
3805
29357
29235
31190
28799
21343
9999
29382
16669
23144
31121
16836
26075
16086
28716
30502
2600
2166
2843
22686
7356
31810
493
10557
26007
18639
6262
4373
3773
21190
25190
19038
7185
23698
9871
579
11926
9213
24075
19578
5720
9238
20911
30208
110
20781
31916
7102
5498
2486
4841
13588
26066
20963
5845
31847
26053
9633
7705
2850
30465
3068
20431
18331
18201
22905
21902
30768
14756
22969
1574
12776
1912
1374
7716
27709
9919
24054
30537
5241
16574
2641
21240
18189
17972
4786
3119
28200
5987
1951
3540
29205
20330
19218
12565
30227
5924
16562
29183
10058
7080
26893
449
25276
17069
7088
21739
17745
31527
29527
26175
24513
8517
26957
23566
8911
24056
20347
15851
15963
23622
13443
9304
8598
1245
32511
11592
30756
14356
20813
18046
9039
10883
1079
21476
10742
5319
17066
13206
17752
19295
27998
17271
30342
30602
13592
31428
25802
9572
20823
14055
14316
29736
31241
4532
22396
10054
9606
8167
9741
11510
22158
12522
29338
27471
6351
23788
3453
6039
24128
17179
9908
32566
22045
6291
825
15829
8256
23867
29515
28721
17214
21147
25036
11712
7476
16662
17803
24310
5127
3173
26493
27359
4308
32022
16366
18384
20602
7019
10221
29623
4035
20930
18747
503
32725
7403
6390
22862
6706
29247
14792
6466
31420
30764
20876
25006
29352
13436
15704
4579
27679
3613
18114
7031
13226
24118
25968
11301
18012
18183
10383
20148
19345
23505
6461
6029
26918
16492
32207
22067
25350
21936
20243
8720
30800
24272
19058
4825
2967
26522
18095
17108
4583
4838
16353
22468
12840
24954
4374
26605
10630
18185
24366
31250
14438
20852
21776
14538
1802
17733
23517
6173
6631
8981
19673
24965
32637
2817
3746
17256
25024
4892
8040
6146
19067
23613
23697
26274
19380
6172
26747
28092
26601
8441
30289
24068
5511
24110
22134
2466
5583
25587
29705
3459
6338
1402
14305
13053
168
6406
4629
10677
24958
21301
17191
23087
19254
32219
27594
17789
7482
2138
2457
12485
27419
31549
25604
22419
10218
11224
3219
17422
2417
29309
30104
826
4695
16931
2691
23218
1806
15872
7703
14215
14536
1686
32006
15389
10373
19352
441
8435
21453
17533
5069
5797
27619
13146
3468
2417
27871
25590
20087
28441
29133
1142
2311
22847
23178
7081
9443
20784
10540
7689
28529
28727
15382
28600
19533
2319
30922
15742
18082
22176
15792
6454
23020
9460
17057
4617
14091
17409
8136
2602
22753
9264
29805
11921
28205
31580
27156
21588
2877
21736
24993
8665
12774
1472
7004
29567
7865
8950
23234
4082
31712
13572
22855
31594
10783
27715
13221
11405
32196
1605
7255
20166
16054
11848
12713
26148
22963
987
16319
11694
11158
15052
21320
18657
24484
15819
1194
13769
16109
19464
10068
12050
1429
6378
12652
13889
7368
19460
17235
3411
24939
16623
16296
28677
25432
20532
10007
4312
30187
9902
4018
6345
26249
26319
11904
295
24651
28680
15724
11494
17669
19533
2840
31633
11771
20040
6365
31755
22857
26145
8533
31036
21303
27697
12810
14079
19874
32301
23461
17593
22858
18039
15082
32025
9221
28635
12521
14029
31233
27699
17158
20666
27970
16451
1727
2032
12150
9281
21971
6907
25234
31672
10968
32131
11425
9663
20699
25355
27325
14595
31550
9933
25637
16261
23338
18314
21784
11473
2937
29259
8579
22701
30426
7140
16151
4210
15646
2619
21008
7582
5114
3169
28157
1095
2291
18854
16099
19205
22826
5499
24546
9547
3136
26120
11240
15908
27652
3138
23901
12695
23025
5403
12931
19189
14293
13942
10202
28894
3935
11576
22264
19998
11097
2179
334
23029
27834
23582
27222
24551
25508
10013
26608
20991
25918
29919
32144
1245
28789
11333
27478
1597
19145
26085
16952
31735
13244
14988
18422
28591
23617
21560
21399
1636
15185
26323
13586
27935
14446
27090
31765
28418
7058
3657
24590
19057
18178
24878
6464
17259
10252
13001
17723
22542
6314
19555
31776
22224
30096
31904
4423
23956
8102
20776
12704
7841
27296
18129
29048
5307
14142
177
29101
11714
22890
31446
13987
12692
32696
12050
19597
20212
639
433
8299
932
7501
21525
24163
16582
11159
32167
2884
13165
22317
25228
23450
1204
29039
26156
29722
4781
10946
10778
20481
9601
27088
2960
9169
3748
20037
8807
21228
13414
10370
8728
31170
19415
16745
27894
15707
9008
20042
4215
83
29679
3927
9023
1523
6972
4786
7544
17863
4999
2214
220
1049
12297
13015
21068
1586
16683
1144
6476
27811
22826
26134
22818
19778
11730
18976
12580
26368
24711
19097
13386
29627
3739
6369
25823
10343
10487
11407
3609
15969
26667
3009
15153
4106
12717
29849
319
27650
30911
25890
16506
15426
6199
21444
8712
19878
974
25638
6582
1943
23136
30676
12600
32283
10476
14820
24517
10812
29817
17985
30755
150
7567
18006
26556
7332
254
21821
9690
7118
4670
22575
32481
3095
25131
2401
23378
9336
32161
1066
4211
2426
17951
21522
27449
11099
8543
27366
16268
14368
17739
30709
3246
987
13990
28253
22564
14992
19378
6587
17532
23340
11330
15532
29794
25359
10189
13711
18301
32348
22234
16929
14003
19645
11004
17075
8656
6996
14936
27358
21068
12730
20160
20310
9757
25618
25788
5518
14466
3545
12204
1487
4646
7693
3924
26595
1969
12182
21184
29651
15871
19207
23430
30052
5192
16899
1008
16977
5402
25997
10701
26638
2875
36
18391
31604
8201
13512
25010
5736
13865
30423
24083
23357
1049
14761
11265
8339
7127
28492
450
8171
1959
1827
8572
25159
22134
3407
25642
3171
22736
27150
18176
21282
6265
24145
12889
8671
28833
4512
19882
26240
32592
4969
27271
24094
2827
9795
32684
674
27737
31697
4537
12516
329
32303
32117
10147
19754
15457
7244
18968
6884
5771
13545
20737
16702
3088
1052
30323
9753
28032
4198
17014
31693
1393
16712
28178
26584
21359
9433
22226
2281
6855
11265
9362
10366
8059
30968
1840
4747
28110
9488
17008
31769
1451
9591
10172
23125
8106
3862
28765
30224
10883
7457
28464
15617
10894
29794
22905
16198
9027
9068
13262
7836
9819
22676
24016
10644
13311
14729
28676
19684
6785
13504
16020
30920
10880
20236
14451
12194
21690
5381
9537
21760
30847
4500
3963
23782
1352
27029
22827
13471
19701
9267
7702
28400
22588
28422
11586
804
21564
18006
24923
23680
2250
14435
5463
3411
19971
11707
29853
29648
302
31104
31362
5384
19374
14136
30159
1956
11154
2368
23085
21524
8075
24444
31191
15825
30
14258
14128
18009
13573
31041
21312
8223
31392
10934
17212
21191
13459
11885
415
28712
4331
26274
11132
6428
1976
19214
2719
31723
2083
26311
11611
28890
514
22399
32335
358
22520
221
12174
15877
18221
29021
16094
31412
27210
11438
23816
22099
3856
32065
28845
3150
24407
25504
8683
22984
5037
811
14605
10302
37
4037
1159
16070
25726
3760
17676
15132
26524
20099
11016
13064
4688
26557
23097
990
32502
29336
577
7228
21713
27590
15808
4696
3161
26086
7132
7629
15716
12730
20976
25508
12029
27216
14878
7853
32647
7180
28040
14225
9663
15054
24857
23473
480
9460
7549
12367
11885
2544
29588
5491
16882
12234
32615
20470
17080
19718
25838
29420
32692
939
29468
27989
8342
28474
30188
26345
30507
11144
2345
7869
12106
12081
17083
10581
6038
11582
31416
19700
24467
25069
4801
22828
25521
14102
13805
24448
2176
11880
14643
17294
15838
30886
30429
20202
31238
18926
17999
8162
24330
11126
22128
24934
5021
25303
12213
7784
22948
14666
25220
30097
14859
19177
4514
20584
1985
18234
16307
11467
17583
31891
9530
10812
21620
15388
1208
2874
14983
12942
7126
935
502
31007
6089
4933
21597
23911
9959
11357
5291
1034
11988
30808
23339
2945
27723
12885
6811
15929
17951
14247
16556
2705
24000
27096
9215
30272
6093
11011
21813
7428
4676
28451
32163
29862
19201
23148
5262
11813
7603
21279
7461
8961
20280
6627
5566
7180
31436
28275
24699
17318
2098
16942
27470
25516
14271
25450
17914
20676
1742
28434
9627
2431
11207
17727
18384
17240
29011
2679
15055
2537
9921
28320
25486
3346
11034
28386
21904
2619
22504
20409
11715
28233
765
14461
17309
2363
16598
19151
1564
14514
19691
32278
32469
2230
27149
12999
22635
1749
11226
637
25966
10859
30548
22547
31437
12737
8244
20568
30533
545
27204
16982
20984
32276
26988
19712
18401
3456
1822
31051
25533
12567
25276
22611
24507
9648
31814
2036
19959
14187
479
28025
17568
6523
28172
29336
23732
25876
10103
8490
25168
29365
23696
29816
4930
4555
21996
3428
18548
29885
15225
2563
24958
22562
14007
25281
7502
4343
22393
29763
29000
27688
29316
14556
10699
21311
26444
19939
12366
1809
31389
5565
26342
2964
15300
20065
982
31636
16969
32502
936
12099
22624
12834
30591
26060
13344
17050
18759
29722
1318
5875
12788
15477
11043
7234
27750
18663
18842
14854
27533
31738
28976
16032
12252
13419
2044
18429
19324
29773
31516
3923
5800
10438
3743
18
15513
5856
31898
31768
5506
19169
8184
5054
22709
29008
28072
19215
21795
28846
24348
21575
3743
9335
7906
10488
24010
13212
31303
23459
13269
32528
2816
16900
8306
18265
21951
4637
24611
16893
25865
25411
20308
19187
6075
30299
23368
31426
23836
2528
31517
25309
16639
16816
10639
1926
4484
12137
17655
17519
417
31908
30779
27766
25069
6927
4748
24477
20970
2021
30073
2172
4949
26675
4321
23448
29632
20688
7186
4924
25958
12376
2197
8462
15128
20775
3497
25219
2973
3153
15634
2925
14280
13249
25838
431
6782
28609
3572
5879
20257
2339
32534
7751
20670
7969
22014
16860
25870
4124
21420
23235
20219
32214
28806
8423
11226
11006
4203
31647
2438
17466
30055
16274
3598
30801
14253
25318
28605
3576
15071
17885
21687
16825
26693
12028
20348
24266
12239
29069
5889
29811
17440
20280
7287
24515
4824
17196
6742
11623
20361
15133
851
24177
29918
13541
22330
17541
7904
16432
13312
3569
32312
12909
4911
10289
18088
27160
3779
25366
26052
16062
21188
21049
8779
7684
13772
27595
24730
18404
1131
11734
25946
13273
10466
20076
6554
21117
19440
4627
8870
27429
30818
10284
839
16715
14028
9862
26261
30544
10328
11786
20744
27028
8688
19703
10624
14496
8012
14018
2379
12343
2079
15417
26380
19841
26546
23843
22127
17667
983
22786
17079
9105
16114
14365
4519
1797
30483
1765
15560
7376
15068
23626
14506
10883
13386
29189
10356
28340
31293
26753
3893
31093
30486
18670
13882
22504
25554
181
9973
17858
24645
27836
25793
17457
8859
32349
16207
3059
4912
16627
16661
20133
21409
3814
12168
6484
25824
14845
6647
16002
26080
4936
6698
28376
18835
26710
1720
17134
10660
25510
25808
6625
10854
5108
10336
24555
17946
24181
31167
2930
5002
27090
29062
6419
20450
718
10427
10283
20001
5484
1787
32577
14220
23244
16521
7495
19665
16296
23361
17168
31152
10576
32697
25334
8371
31867
3157
11669
11112
30787
13804
6905
27178
29939
3560
32329
30256
23411
4950
10092
15784
31702
10293
18733
24037
4456
30948
25358
17554
2436
27162
28082
31215
24032
15399
10940
10146
14778
27833
30939
472
10783
1775
15255
19141
2742
14546
25913
4302
19141
31100
21353
5154
21045
21348
30995
23575
2571
4606
19895
20567
11630
20622
22057
10956
14183
30844
8488
27558
32180
24953
28983
26400
32292
4665
7247
17963
21925
28722
5574
8339
18117
25883
23731
7933
8748
10903
10210
27406
7984
14200
12470
5439
28927
12510
19647
13814
20542
20805
9426
23654
26997
3130
20047
23800
20662
5160
29349
25510
10575
3953
29042
8367
232
380
6277
17416
3383
6579
29368
17467
6792
22337
3600
29157
12684
1866
15977
28578
7295
2248
13085
21052
28942
23370
2279
616
6001
6717
23396
9293
26703
15596
15194
16906
20666
2820
22954
18127
26395
22571
8091
2745
6826
19350
2764
28850
23739
11249
7369
21498
32385
21469
3680
30845
25721
25748
12874
22099
8013
6754
7948
26698
29549
3497
28122
3227
17972
12996
471
1762
31109
17600
21249
30492
3821
29568
23171
31932
8424
6522
21219
25371
16658
10681
14934
1854
11189
6383
10429
14772
840
7922
12116
26874
5494
6884
30594
12212
32111
17322
31628
22168
15833
2252
8284
11213
20476
14680
24120
15270
20266
22915
14546
26151
15120
9735
16178
4101
25865
12902
32627
22660
32239
24098
6481
13268
25550
2433
8209
27592
16176
308
3426
17072
17682
23932
2210
26860
27834
16804
9405
3296
21478
8765
23616
8238
12992
3573
1563
2559
23064
30531
3201
1892
19928
10415
1778
9595
25030
9931
5223
7204
9312
15304
30325
13693
12623
30812
31038
2391
17913
6360
15804
7309
32269
15540
26912
15187
21420
17087
12884
20064
3871
24931
14843
19082
12559
28585
20195
7249
15333
19509
11376
11720
15137
32099
10880
28480
3861
18744
11350
18526
12811
1782
2762
5183
20583
18040
7825
22899
3959
3137
13207
12884
23473
29918
17484
6766
23683
14603
10830
4021
15301
6880
8371
32370
1374
3216
24643
22810
26221
15244
2723
456
1357
1120
16346
7782
31031
4792
7332
2995
13443
14739
26581
27066
23126
24807
3987
13357
4465
6559
9427
16651
16537
15499
32113
3975
30386
13132
22339
30583
12292
29159
435
17266
7373
30403
15141
6949
15929
9415
2227
13976
14885
1381
18070
11604
7631
4121
4859
13616
30583
20651
3309
14993
10180
23186
15224
25796
14739
26013
24015
18061
25045
3532
27884
869
28591
156
1073
26692
150
1759
20094
20208
5709
14029
29400
28714
31719
3828
22902
26860
28570
29319
3889
31713
5395
15119
22666
29959
9761
24346
10327
9295
24361
3904
15700
25152
4447
13236
2417
2071
17403
21430
30585
21042
30703
7396
25321
16757
29078
21500
21551
26842
17181
12117
9871
30377
814
20183
3524
20320
13377
15015
23130
32446
10647
9720
20087
26446
25827
30692
22604
27317
21062
9931
2569
2190
9185
11648
27856
20585
18597
1580
19268
28537
2201
8961
21394
15429
25028
4477
25148
26301
2245
27459
8137
29107
12709
19791
10420
30256
23940
3897
28015
9862
15334
12125
15847
6386
15945
13495
25826
17480
28278
1555
32374
4424
9867
10754
5574
152
15469
19699
7735
23383
14184
17283
29924
21536
1387
29377
1694
8495
7776
23789
32123
10479
28761
28085
15824
10391
32066
6362
9423
17717
15833
11871
27546
27231
7057
31089
7808
31734
26129
2281
31796
26558
6923
10300
6221
10181
8339
6347
23972
15150
1168
12512
32175
4976
21671
8383
25172
5544
1054
29402
21633
30290
9880
18179
10452
1407
30492
29085
31952
30795
13532
31292
7677
2459
16836
20193
9081
26262
13570
15220
19015
32026
29277
17155
32281
8009
31111
3623
18145
29102
28522
9522
2152
32131
11592
30343
17391
11632
21803
32369
19296
7997
142
32156
12192
22903
20422
28069
29267
23846
5901
23079
17437
23993
9052
7127
29533
26021
16245
8586
826
26148
22114
16663
22570
25110
11410
15909
29030
27797
19556
23415
8554
20729
5418
4120
9692
17380
28443
23132
29389
3579
30435
22591
13903
14053
3358
27726
52
24558
13181
32261
7639
16184
30781
4823
31310
13439
4416
10750
1262
12212
26428
21340
24618
32427
11836
30578
24383
22940
13648
21411
10815
6528
13972
19049
24054
21030
25922
23111
95
29530
9835
16726
8955
7170
30328
32561
8382
18374
7667
22632
17725
17481
17541
6415
17367
27870
8813
22085
22249
29975
15326
6504
4343
24093
125
17967
22785
4634
4706
7612
17152
17766
20395
32642
25747
8460
12548
8340
90
6138
21343
2482
4243
14741
9666
30923
5347
25458
30456
21653
9109
15826
13565
32754
9177
3394
28476
20092
21798
23944
7284
13918
25065
14510
24959
2578
23519
14826
12998
3673
583
4242
31786
14749
8854
13313
24643
3402
8562
23740
15130
17142
23600
26983
31335
6022
25343
22511
7198
7573
14561
17487
17785
11572
24339
26063
8783
11123
18373
30748
12350
18753
28159
12582
29109
19916
14789
18495
12734
13829
1277
2478
12298
27300
14066
670
25563
23030
14525
9204
4593
9393
830
1730
12101
5893
2787
21995
19155
9000
6723
17672
9620
19026
23426
29610
18456
22613
18677
777
24705
22020
15719
29684
19041
26382
27217
11169
30080
12811
10624
8001
30096
31700
9809
16830
23039
608
28745
24403
25488
5047
30678
16738
14967
23790
10948
24529
17285
1757
9549
26380
23742
20690
7871
6633
15126
20257
9537
24000
1819
3454
29114
32124
28466
26432
8480
24396
2568
18250
28065
5897
23308
29761
26689
6080
29800
2249
22754
28840
23432
24264
15071
7145
28156
24987
17927
2463
19996
16777
17012
31249
7905
27615
12274
25894
11219
25391
9933
25840
26402
29728
8797
4889
32269
12977
7623
30929
29631
1497
3771
14693
17831
28592
4331
28264
11012
6707
3363
30332
21109
4208
13484
16438
14438
20472
23775
20860
10994
32117
7214
15344
4091
18245
12632
13494
7240
19508
28785
9714
24510
16577
27416
31640
17094
210
30344
30751
22431
5538
29747
18525
23065
24463
24900
20940
19355
25574
10914
6616
23831
6897
29694
12719
24953
30512
9733
13619
17425
21135
13788
7969
20503
16183
25000
24880
19304
19711
14096
3676
15226
1524
24522
30625
2636
8746
2570
17678
16549
4552
813
3457
19910
10086
20401
32024
27677
28883
26368
20412
24458
31198
348
28498
16
7412
6071
31251
845
27798
986
5659
19468
11092
9525
19075
28637
6442
14228
1423
3470
2531
16195
24240
8987
24588
20218
1589
13948
13209
3137
15367
11010
5897
4033
1049
16375
32098
17143
1446
1342
23100
8325
15617
6185
11446
24998
27633
17627
10166
15643
18595
22953
32495
3302
24987
18304
18588
3462
6106
7202
1396
14545
14836
20303
23706
15530
27405
21402
21107
14673
3153
17341
15507
32414
23624
11616
6112
9467
23520
27085
18371
27018
25800
2203
10287
13697
13041
5602
24443
13784
31489
749
5946
8408
1244
3924
31721
12090
5458
19791
12753
8504
31490
17756
12221
24077
11100
21123
22427
7431
14352
16506
13696
31680
3163
21978
3002
4916
15285
8465
6718
6635
7034
30182
4061
4287
27969
30160
14004
32298
13445
2873
2021
31096
29558
533
27135
28612
11886
20064
9882
20053
18839
31636
27820
20276
6585
25349
4515
32531
15905
30119
26108
8066
10236
14830
27720
32585
15039
4813
319
31013
30470
26159
7915
5908
20314
19580
29418
29482
19410
939
27104
11103
2776
1050
28602
14359
8969
18518
10398
7898
8103
12732
22373
20879
12285
18910
9952
20949
13802
20096
24930
845
19404
21848
14906
16929
10946
17614
25060
31224
4782
34
20871
2904
24592
29966
29064
21536
11792
21223
15428
20067
21944
11079
22101
7179
9551
7120
30448
2561
29642
27978
10913
17594
11666
22711
25573
24716
14953
22651
6509
20903
15744
20446
5567
20009
4495
627
23809
6867
16297
30276
1500
19051
14668
15338
11492
22034
17138
9373
17890
10556
14542
29783
11271
8585
22619
20917
17861
18878
29978
13367
2420
15399
12984
21817
20493
9534
3246
3903
9000
19856
15004
2835
19504
6304
19156
21987
22065
21615
23338
16771
15237
12587
10129
9764
7285
23574
18261
8193
10326
11910
6160
26980
22605
21615
308
4364
18176
25831
455
13017
18135
29215
3968
15531
8929
4015
25335
18382
22335
29678
7296
14451
7548
28013
12249
27653
19187
16244
30281
15944
8892
2604
22437
15370
15527
10730
27043
23464
32624
7756
9597
16596
8720
25244
7786
29606
13417
24703
16270
13917
9035
17755
29341
22726
18639
6211
27063
32574
30036
7055
25859
26554
31138
14482
2592
21743
13038
17749
22383
15802
11203
13379
12525
10493
8708
15624
28253
12204
32393
29962
948
13189
28047
32063
24044
23951
27996
24397
19466
23375
14640
3139
9088
11402
20686
8540
14054
30089
976
24390
27942
23967
3294
22724
18459
123
6151
12355
5852
21391
25531
11296
781
23162
1088
5392
31327
30288
8289
25546
3143
12829
14415
27217
5658
1290
22184
15539
17808
8736
30525
26795
24726
7145
5747
3276
15351
25841
6882
4895
27505
492
24257
27118
18268
3118
11684
9198
27276
16324
7010
28435
31465
5720
29925
29261
11637
32625
31773
26435
30962
27884
13834
25081
20703
2955
28255
15933
12919
20283
14631
18795
12310
32503
10792
24937
28501
22681
25454
1759
15498
10748
31826
31428
5753
29776
28882
5971
918
6170
4297
14219
12737
13140
2578
23076
773
31296
3474
28286
17990
20640
22709
25123
10560
22183
1079
17112
31106
870
22004
9926
16819
1003
20104
30807
8420
28805
16594
13822
15526
17546
23831
15724
14315
10595
16353
25542
28581
22653
1813
894
18031
12606
30711
10521
24084
29778
28501
18460
13164
9138
5718
29941
15241
16733
23088
10855
31685
31819
12966
27420
166
11420
15209
30797
11506
30008
21846
9862
14864
4251
23050
1000
12828
27547
16656
16238
1093
26892
21141
17216
10180
30243
3980
17514
19140
15817
1696
4093
25021
32319
23922
7756
5645
16684
12717
31846
9650
24328
14808
14699
17659
26450
16670
10995
23575
30714
23757
16697
13562
11962
15777
5781
10823
21065
26876
13617
21211
22645
7174
21313
4357
4430
9761
30687
32165
29231
7992
12694
29553
2846
3357
1489
5233
9915
21599
25070
27280
21020
11907
13359
4374
20106
24977
8169
5679
1100
11729
12604
6424
1142
4356
14681
4868
1101
1355
12971
13382
26969
29520
6001
4309
5883
28928
23404
6334
25561
20508
1782
14907
4264
10426
30394
14134
16747
30102
24065
15871
25405
14982
28683
29411
12084
13057
13052
19975
21965
3771
17175
9955
3593
1011
30093
32281
13382
26136
26138
24007
29311
9317
30223
31469
30132
3428
22218
26973
29818
32298
2049
11063
16213
9471
30233
25683
14667
6499
16588
15341
25240
28341
15097
25831
10968
30160
11443
23344
14639
30303
29936
28196
6835
7568
24011
29468
15663
24879
30918
14549
26672
14377
3066
24907
5869
13785
31386
8323
4672
14458
21840
12754
4421
23779
16658
10077
26732
11851
22251
1990
29109
23193
32050
5833
3365
1843
15123
3855
18052
17170
2153
21069
27646
3804
4475
10051
19328
29202
12365
18715
11329
32134
9608
14314
27566
29584
8101
15819
24977
12727
4127
5327
13284
25871
32002
6746
8992
8596
12455
13092
4848
31913
29264
1643
25956
6301
31426
305
30695
3602
29212
8222
6688
27024
2851
23400
2419
29495
12876
18138
7425
18806
3887
29318
16134
12885
11060
2204
30409
8764
15020
7742
8575
20161
7297
25727
26718
2140
24951
2836
66
15
30370
15409
25667
9250
29596
6041
18841
32181
6982
15838
15635
20953
9149
31040
31965
15873
19656
508
30830
11736
21607
16398
30310
14367
32147
16031
17564
31913
31345
15705
17344
4525
11966
28283
23062
3182
12511
9298
10600
29117
12150
8742
29982
13670
25238
796
21122
32725
567
1811
1239
29012
32173
3090
7310
26864
9606
13040
16883
27930
941
31446
3927
22480
20429
11719
8860
23716
21214
28371
5651
25064
31995
992
9526
12466
8338
31519
19080
14179
26828
26748
13461
22621
22558
16262
5394
27449
30121
23059
20784
12804
19064
3605
9787
8892
2080
31229
25145
14799
28967
16111
19789
2457
14226
23438
384
3226
3545
19884
22328
7600
19519
25203
3491
23496
20250
26830
13574
22513
15420
10171
3599
31464
10768
8414
816
25548
8208
3575
27795
26718
2001
11024
25981
31293
23195
1048
30311
5235
13905
11959
30891
17429
25163
14432
14865
27851
6728
3247
24660
22288
25871
22357
6593
23391
29148
17598
18464
27754
18048
7685
6062
21708
15137
6008
25782
9769
20164
20784
23915
10647
31293
28082
28808
8233
3735
29569
9474
17007
10999
26175
26792
7741
29070
24343
31928
20461
23149
18169
12921
11032
19438
11050
1685
9187
3464
26194
14522
27915
1640
18930
15522
22322
8793
14566
6979
32059
26633
25586
17303
2282
28693
5933
11329
24610
31933
32003
1519
16780
32267
6347
28556
27258
7746
6934
23889
8725
20673
21021
28532
24229
16886
32255
32660
30652
32168
15579
25734
21486
28466
24885
31273
22571
31439
14344
10277
14872
15669
2346
22335
9323
10135
16929
6226
14844
3055
1263
1054
27468
24043
29643
20344
31360
4841
9158
20045
10269
14942
31150
16191
21145
17236
30175
1463
15687
7376
15206
11692
6643
20554
16532
15461
18972
13606
24155
24462
1947
28687
5201
4424
4344
4449
6130
4570
6506
14394
30870
21183
2215
5805
21691
31063
28828
8121
17745
1533
11493
29975
19353
19819
21211
15062
16875
21150
12777
22125
14935
25564
8947
13699
14427
27769
7875
20008
25250
4307
12953
24384
527
25587
7888
5365
26460
25539
6419
20069
31174
24757
4446
16927
14775
9417
7792
1225
18343
25251
30614
9126
7434
14068
32065
20845
29699
12859
21171
4056
16009
21102
17000
15520
16521
1223
14710
29568
1573
3370
21198
23119
10636
17748
17584
9132
6904
19847
25377
12284
456
7834
17929
10934
9214
3756
27405
17161
17540
24844
28103
22615
25039
1947
459
16683
3434
22890
21255
32231
28712
25654
21789
30835
548
8414
3105
20411
8925
3371
8621
26448
29072
17209
27328
5059
2634
9951
15066
22324
16908
13418
9169
7553
12097
30820
3227
19976
7631
10301
30995
32525
15866
8359
18988
4545
19419
12857
22741
13773
11322
13002
27905
28497
15715
15258
11857
18903
20866
19063
28888
31907
21732
32225
17790
25777
10269
5919
6166
25810
13643
23235
16343
30178
21635
7174
3230
32333
3144
19807
6177
19156
21849
1231
29477
13667
13625
28964
3970
24863
16902
9576
25520
20666
709
24572
21449
24215
13637
18217
25082
3772
30907
24829
16641
12107
184
19421
16595
31674
2697
24024
9183
15493
20438
6329
20635
31486
23399
1243
21883
6126
6030
31328
13995
12190
20353
7833
29216
19562
780
3963
23585
9284
1022
12145
10204
28787
8081
7362
17224
23415
3434
15750
16551
5762
19592
336
20389
5632
24384
31639
10152
17746
6592
6445
24279
12510
16519
1808
16672
15704
4117
2513
678
32197
7652
9079
1826
27393
20032
3357
8230
12038
28746
11815
15937
24144
3772
31612
11636
21852
6511
19096
16760
27266
5430
15340
6682
17284
11417
31046
7599
19522
3497
23061
6561
22198
30679
27950
29302
17167
4651
24048
25109
23039
7216
19858
22737
6282
18538
16858
27872
26231
6370
12126
19566
29079
1002
7035
16757
3228
4949
20397
26993
32312
7594
13888
21644
13237
27072
27626
30002
11809
3606
30815
23341
30208
31804
557
332
10070
135
16800
7176
22511
8543
500
27481
22772
12260
18846
14573
24968
16332
28476
21155
24832
31430
28457
6952
4319
12967
32017
2719
2789
22448
28119
20725
9326
22101
1561
22713
5619
9199
24454
5430
8107
14539
6244
1269
10258
30342
26098
2789
16620
1851
25177
27404
4499
28082
24425
242
10086
21440
7586
2248
8162
21072
9289
15246
2282
28779
3758
23524
30808
30106
3573
24880
8287
28498
12489
31495
10385
25520
24861
19177
6100
26044
6969
30526
2121
31314
12007
23426
22977
19708
15389
16437
2118
26624
31362
51
8616
20275
9532
5406
2756
25541
23354
22548
10081
26879
22558
18303
2420
22952
10342
32708
10828
26832
21825
20647
17021
18494
3223
19864
30369
31221
25160
5558
28632
22287
14139
15930
1171
25020
14819
8162
16630
5915
4479
23200
28917
31475
31201
22353
6040
5334
29058
15754
12481
20537
1936
14394
4674
14215
6867
17873
11639
32640
14585
27363
6267
15956
31948
15686
29772
18014
21468
18245
12750
30119
26194
18821
31175
579
12730
25679
10257
30287
30560
30734
5573
27578
9073
27234
20857
3490
2461
16187
26327
18169
17037
25600
18673
19305
1019
433
8712
30665
16682
17769
832
8169
4241
20733
14238
6292
16479
18011
13134
24000
423
4759
4218
17946
545
386
6388
22408
21890
771
14899
32658
25130
23994
26961
898
27634
5485
25002
1895
11106
20860
21629
27925
5665
22584
32184
26026
10674
30527
21066
10149
23252
16168
28865
6924
29185
20728
2839
8198
5671
29034
27128
20755
25204
25125
8023
15826
17823
21575
2753
5060
11073
18174
21394
18477
7272
8569
9271
8979
20231
337
7679
175
4836
29808
3310
25475
21453
18478
28555
19089
31739
21249
31799
14194
15304
32381
31337
2396
30750
4658
15360
23048
21382
13159
21496
17070
20817
21970
20581
8376
4191
32696
10769
31503
20809
14354
14390
6849
5954
11018
19964
24591
2086
13567
26301
16516
17081
13687
12850
9381
846
6873
23207
17619
31932
19499
8645
6442
6694
15178
13813
30683
25978
23556
3389
23101
29117
25271
4411
31132
10941
24260
20747
19277
24713
28158
24507
5066
25731
21687
29727
15753
28535
10129
8528
6887
22996
28299
10221
30534
19937
1968
20142
15404
5886
13844
28843
30052
3382
28146
14982
14686
27137
30851
6277
918
8360
2269
1198
28996
20805
10920
10620
16112
3555
18981
26885
26430
19040
27365
5528
12217
9151
24652
24301
19054
3419
21304
12993
21287
24817
148
1455
25006
8702
18694
27221
11746
3168
30534
13465
18758
5203
31961
8704
25181
21701
2855
12423
31097
13067
14962
19224
15720
1106
16841
4236
26143
5217
1776
31420
30707
29804
32647
7892
152
32587
16635
13804
19310
10230
17796
508
30732
32086
8603
27441
28676
18909
31554
15861
11976
32327
2467
17787
8833
29392
29143
32373
21417
4873
17485
22386
13971
28004
25977
29806
27298
19774
17945
18787
10382
14506
11941
4372
16984
23150
2047
12471
30229
3756
23784
15507
29470
17551
8185
13906
19276
27766
23178
16870
26951
18946
2618
29313
3436
15584
12384
8455
31279
18942
910
25092
3281
6568
2586
20534
17265
16294
24742
24431
5600
19391
4863
18916
16775
13064
22561
7447
29601
2923
13222
31611
23375
14310
26433
26650
2138
31452
15078
28917
7187
25405
26036
9356
7948
21238
6527
24845
9162
13712
15384
23679
20540
15555
15343
357
7703
538
237
19569
10834
28239
11381
16810
14504
21722
24372
27370
19723
15439
31914
2567
2481
32522
9028
22631
21270
21987
18129
18173
5588
7612
15987
11817
5710
23743
737
6012
26227
6839
32671
22334
18084
30324
17918
16138
18978
3435
4750
27104
7288
6457
29218
17526
15074
26801
22360
27752
11416
26905
922
10663
11984
1495
7482
31258
31128
29337
17650
11431
2849
15549
15114
11507
3008
7033
12316
13513
4274
17480
5179
13654
18856
20347
7349
24458
29270
7900
32259
10729
13595
8817
10463
32759
18915
30920
12700
4628
31850
13504
23298
3852
5462
18578
29753
21391
27367
778
13183
6001
3731
22720
24524
30043
11008
8063
19244
29272
10513
10890
29639
5342
14268
19187
13635
25892
23385
13880
7810
6977
28972
12553
27693
6372
11450
31878
27074
19359
21012
20514
5495
30277
13634
13873
21923
31383
25078
30975
15927
14712
4414
8231
7474
20119
9840
2490
9208
30562
21278
26984
19982
3776
27532
26463
13601
6521
28115
14843
16706
31088
22945
4591
6498
8158
26905
764
1149
13161
19656
32053
20878
28717
11695
24034
23220
2709
15571
30299
32296
1721
28177
19843
21460
5884
7371
4971
32478
19263
20027
9606
3421
1932
3904
29389
32494
27414
7559
4042
21845
22238
3108
13662
22268
16741
20736
1343
29540
18434
32540
8831
24016
15890
9003
28428
15758
13765
14914
26340
799
10164
11292
30132
4644
14097
29609
27161
12055
12026
13867
21997
16796
7744
11490
17041
20840
14653
32219
19942
14918
31639
30976
9850
20935
833
20960
18895
14686
19983
31391
3025
29488
25512
20993
26905
10202
664
30943
9852
13462
32509
8499
20155
28806
6923
3592
18217
30877
11239
19696
13635
30026
31826
844
7203
29099
9414
22782
15253
25337
21765
21064
9789
30186
29789
12260
13275
5927
16487
22945
3246
13571
28006
21620
6289
26643
22927
20751
24505
3526
25935
17611
4954
13516
23915
23835
13674
20195
13790
11115
10128
7170
19204
524
27936
25449
10616
15078
25969
1997
11027
5002
19444
2875
26975
31798
18570
1640
22236
8482
30966
6090
28827
1141
15649
24141
8850
19296
5847
6275
32319
1618
32061
28489
14238
9548
16602
23424
13857
24421
30105
13883
32609
29322
28759
31266
23108
20312
19515
25311
17312
29793
16485
18918
14806
14068
3594
26701
19161
32528
7428
7303
26713
12453
16012
4014
27803
29408
30645
7445
29643
9469
3183
23070
7230
20218
11439
17335
22686
30475
32540
3946
2281
31429
14693
6044
17280
8755
24941
29052
1947
32083
32182
28203
18927
1295
21122
3417
23761
22357
4764
32144
5872
26878
15265
29063
5561
19922
15759
7760
15586
8652
27357
27313
15970
13160
3469
14567
19163
11098
20370
8146
9814
26889
31633
1434
23526
345
5185
14696
6880
1083
31031
8188
5855
18766
10288
29043
15981
27454
29858
22261
8510
4117
25142
22093
4134
16403
10628
16525
30379
22766
3901
5489
20079
24608
4772
22216
4295
13696
2419
240
10784
19360
9003
31205
20988
11760
8524
2448
22790
21700
13530
21684
2022
19897
20468
22633
22286
6427
15964
6739
28208
15650
1689
20994
10622
9742
26843
1884
16815
21935
30341
10671
14072
2263
31385
5085
11353
5519
24574
21958
18226
24259
5323
16748
12560
8665
17299
9577
12481
22976
32226
8057
29668
1646
16759
30793
11752
3437
12273
30796
27556
31699
24764
29454
11711
5911
28341
27513
1926
6907
258
24322
13187
2124
15767
12117
2698
2562
8362
2918
22067
25218
21771
31779
4719
16360
17656
8504
5708
29304
18781
9229
32238
17393
8974
28160
27220
13356
25610
29740
8339
15865
16170
7952
30081
31861
7019
3890
12044
32222
840
2681
4325
16848
24082
1509
2123
30208
713
24510
21185
1460
5596
20642
23023
24470
4654
5506
13377
19673
18470
17644
28507
28915
4285
6041
21309
20928
21217
20149
25018
15228
30884
32230
5424
3259
21523
27520
16037
360
2203
9034
23736
16724
6764
21143
19204
3308
2944
4562
11374
8087
8237
28553
14733
31228
16018
5023
21174
19402
31152
17580
5351
19624
17430
10256
21389
3196
14932
27692
31115
8813
18714
24455
7812
31798
16578
4358
12479
196
28716
3012
12783
30633
780
3526
27605
7965
13391
19687
21065
26495
26833
2038
22228
32573
1905
5821
21737
6034
1578
23396
17037
19609
32068
13252
13850
3385
19603
676
29759
28099
17500
795
2700
3709
28331
12507
7736
5610
18969
17244
21138
2961
26376
21046
31148
13087
21811
15596
25395
22759
11258
26619
19101
3039
3251
29185
20318
11898
25247
13617
12875
1811
8779
7468
17496
28404
3691
14381
14809
22921
16675
24845
12232
10499
10879
4609
14712
2393
24033
1905
14776
3095
22203
18659
15686
26007
14532
20101
3743
27305
12431
4502
5291
6581
25928
6373
7599
29844
12162
2044
13415
851
27019
11525
17046
17201
19540
10126
24767
7449
23367
12562
19561
9283
13436
20021
6022
6340
3581
2980
24104
8473
12680
23251
3136
21517
12166
4114
17454
14962
20676
32231
24900
15522
19393
3500
14147
14041
25445
9794
17410
29261
16538
22373
19246
20013
4155
5276
14575
28513
32313
2340
19234
17469
4654
9569
3223
4728
1324
3416
13187
3807
877
30104
3947
22777
23666
30702
13773
11485
30254
21659
3686
25781
16539
7706
21495
32440
3662
13284
26317
10689
30694
16090
4793
16162
2260
21532
7618
17037
26533
16349
24515
31989
26828
16262
7381
8373
28196
7938
19017
10631
5818
10210
27716
4630
6703
14087
24537
12632
6936
21894
381
24115
29669
24334
17302
19234
22190
16044
15558
30473
10603
21007
3327
30938
19806
27970
13925
17597
3447
4117
1924
4636
28454
20692
18883
17839
28462
20212
3841
4291
7540
26761
9670
4698
1389
14849
22180
22537
23853
26075
14825
12062
4283
26672
16879
29569
15337
19805
7502
32751
13417
28253
12260
8820
12108
20929
31046
30545
3050
22600
25548
26652
6471
8801
12153
28828
19335
5337
21138
9385
22773
26214
22208
22476
12265
29378
21538
12786
15268
5108
14536
30923
3146
1676
2628
32244
19737
19470
23728
21674
7785
16509
1235
16426
4967
2209
15336
2208
20712
12605
22020
16562
8867
8382
12717
1197
1956
18141
26847
5620
18996
16050
9470
22362
4986
14139
4688
30974
1594
2132
28327
6967
30563
13860
2319
22436
25017
26742
15900
22324
20268
31100
31993
30251
7153
31548
17174
25363
1759
19510
31904
29665
20419
8305
2859
26226
21725
8575
19309
8328
21766
5886
6964
12420
26357
26654
12380
28738
15609
9244
26720
1790
19163
29850
13888
20962
25445
14000
24610
26878
12021
2145
16974
4668
16651
20384
13379
9969
13587
29593
18664
9959
7379
4650
11423
5274
8293
28647
15562
10916
6071
1826
24655
30124
32546
10695
31000
20058
31822
29166
17384
17356
17893
16636
25819
102
21822
27627
20572
31352
31864
12965
6381
9916
8713
3295
12436
1124
20011
32756
7219
30209
17590
12496
25833
8795
3783
18119
24767
16798
10413
7937
2080
29859
7341
25022
7656
32173
4682
26532
20240
19437
26770
26669
29666
13791
1040
22720
15301
5252
32457
29296
20106
858
11836
31549
304
30574
25664
25419
24492
13245
31652
24777
11493
11392
11150
13173
31524
13561
26361
27011
14222
19572
4061
14109
24603
19800
23836
31813
17928
29376
19017
44
20970
4779
15569
27719
15550
6322
26836
20754
13614
25719
29711
10866
19525
18973
28034
6051
28100
5718
29262
705
29889
24261
1011
30935
11464
2722
12472
117
14795
17372
23352
25219
9696
16085
13967
2003
15128
20918
3611
4278
21022
25626
32750
6522
6740
13560
17796
28076
15829
1928
9716
27873
19719
18327
8695
1056
23863
31061
27220
12994
5955
24526
3249
24562
17763
28270
1307
15896
11879
32679
15436
16096
8008
21215
23757
17117
28599
1526
24588
27825
32291
23001
26234
3378
22095
28426
752
25286
24972
23113
31025
9148
19373
30373
23969
7517
27380
27217
5158
2189
8816
30837
25507
5637
12541
24477
27648
10017
28847
10345
13432
16753
5691
11561
25647
1126
20100
24661
4253
20822
6817
21341
6280
3106
8200
11189
13943
21550
14054
21482
20369
20634
18163
2062
27205
28710
28293
26751
29299
1551
18518
14935
17666
5644
9350
30589
22350
24095
23938
3113
5267
23707
21206
1005
23270
16019
21374
3308
23614
3511
5808
11276
736
29808
7010
28433
1294
29010
23025
5361
26949
21834
7130
1693
13174
5454
25764
31086
12773
23460
5058
25827
11153
30640
32067
21338
18620
28478
26749
27455
5940
1587
6533
4643
18502
31318
20836
3996
27634
24777
19129
24699
24024
8226
18801
23090
16740
11219
26385
4705
16869
17486
29919
31269
16192
8664
11433
3352
13039
5312
28422
3820
21814
21696
8112
31797
32166
13650
12462
1103
26185
526
28550
25803
31377
1000
1254
17704
1315
20156
8124
6312
17093
11820
21754
7620
22043
8966
3868
7974
10753
24746
25949
18584
5955
21185
991
14963
28580
12218
25648
14638
2503
2812
15989
2479
23909
11076
7073
28305
11454
9795
14264
18344
31597
14490
15250
4864
5122
15294
20121
12359
17829
26795
23992
29113
12733
29555
7255
11350
20165
30062
12202
28136
17722
25472
5428
6040
13200
26491
22086
15521
8577
20714
17461
10414
27887
29955
15455
14824
28117
30952
25255
24401
32581
3828
24700
9640
30540
13373
13609
17320
2901
11129
19576
30001
26147
13434
28677
24179
21951
29707
8184
24739
973
5523
29586
13115
797
26383
3335
32561
29058
5223
5774
31490
31699
31161
7881
22537
21842
9058
32621
20768
5571
24118
19374
8037
13947
24337
26399
24127
32087
24501
4194
11805
7079
8832
6616
24751
5507
592
813
10825
18243
3051
5971
27763
10587
13967
29791
4239
17649
19113
10603
22056
7295
4113
30871
13250
6127
32655
11165
4170
29077
1588
26238
3628
353
8387
28576
9468
20004
22426
22338
24635
28910
21195
15010
3995
11224
30020
29833
21270
759
16077
9269
16684
22690
6992
8987
23880
23076
10925
326
16328
32354
22049
11411
39
10007
31123
14088
11343
4545
17809
19599
124
484
20736
25264
16564
31358
28074
15193
24110
22311
27405
17631
8173
16905
6140
21437
15055
4950
11024
20367
19425
16625
5918
21306
4692
20241
534
4732
3421
29735
13633
20389
2177
30479
31518
9586
5468
26900
16571
14196
8493
6253
9247
31793
12322
14396
31079
31427
19673
17661
21898
22636
9827
25654
19237
8899
16363
4805
19448
6486
7389
2550
30905
17941
13928
27908
18342
6438
6245
10370
6375
3015
29939
12978
23326
17327
20990
913
19140
6397
8984
15552
5515
27766
23012
4810
14242
29959
10287
25888
18773
29242
16861
21048
2022
15626
23962
10762
13223
13927
16481
20661
22614
3822
26433
986
30312
24199
32312
19677
27090
172
23099
5065
3445
13850
2343
5250
32644
13523
7348
29585
28901
28018
4322
6794
6971
27767
31424
3683
10211
15506
6895
17275
27017
12142
5042
10096
15200
13485
23543
14154
5210
23270
29077
5303
8426
26523
543
30217
23424
25469
21128
31854
21070
5338
4844
355
8836
18585
18990
6099
13970
26484
9824
6306
28586
13920
32621
25786
11945
30546
12266
16387
14972
13299
6165
18578
30120
28946
3486
11537
25960
16834
14244
4875
26921
15151
4175
17396
22895
11993
27015
10922
10462
5870
3383
7759
27477
18413
17669
28777
3381
8127
15923
4624
4594
19601
607
22224
12991
16794
31930
10788
15516
11383
19352
7307
5954
32348
29241
32685
26514
15154
131
8752
15599
3889
5056
23270
17571
10629
24823
3123
26744
21672
30049
15569
31904
5612
22013
32411
12933
27177
18122
32076
14711
25687
10909
23944
17666
2438
21901
19666
5881
17909
2746
29366
10328
15745
5960
3414
14655
30446
13015
21958
28807
23803
30370
16327
9633
2705
16211
29254
25952
8542
16783
10701
28627
13971
7588
10168
20970
23484
11057
23490
15639
27392
24709
27779
16744
6812
4993
7477
11805
30551
810
16678
22546
11656
24496
21544
15872
2032
15586
7599
124
27174
6135
30306
16297
12237
17171
16588
21037
11667
20143
17656
2668
20880
27144
20102
18509
29841
29144
21975
14148
2941
21867
29615
26157
15152
26354
18890
7373
23681
6519
608
31880
26024
1733
4977
515
9400
18913
27760
24008
12099
27538
30106
27615
14716
9602
7087
1357
10248
23526
25053
1870
17329
9665
22661
9133
22435
4571
31652
27883
26199
24593
14024
11283
14209
10234
18732
26902
9953
11189
10941
24405
18264
7815
16894
8995
26311
19454
10066
13973
6704
292
25652
10211
22602
8376
12887
1625
20916
13482
5694
22517
19037
15564
2784
31728
465
19706
19846
21318
17246
1589
6011
14421
28398
23136
23683
20058
4563
27784
31302
5541
16953
20540
16203
24009
21952
25733
25770
3215
14152
4682
25051
12503
7840
16004
22327
2390
28815
20467
26034
13748
19211
30121
18418
2077
14602
30529
2902
18852
28112
31779
1529
22785
27231
15941
22309
30076
17246
30148
8314
22608
1377
13021
30986
15363
30562
18219
27550
24560
11025
32526
2045
8745
22959
6896
14291
3180
11477
30985
25034
16644
32279
11509
6532
21403
3520
27104
5022
10609
20639
9117
17269
24622
4498
14250
4039
22240
18163
10505
14707
21961
56
3674
22526
29400
27139
30518
14199
6919
1001
26398
29480
27942
1638
11344
19927
30046
9638
30193
10753
12022
13533
14859
26109
28418
4956
9534
10499
13185
1966
19911
23386
29793
5181
17143
4091
19339
8606
10253
29658
10316
17053
29317
13996
844
12031
7157
10259
7951
11190
29454
10687
31129
24014
14735
23567
29713
5201
1161
31847
27396
5157
11148
1236
1040
25653
32642
25361
1007
22470
2254
4014
7072
24743
872
14084
28432
11710
6004
29439
22176
11887
13193
28045
28895
19877
8793
4217
4492
9214
14594
16113
21268
20683
31748
27981
24530
29760
14622
6589
30259
3974
15175
20692
7171
15620
28991
32198
23036
23030
26102
13854
6123
19274
8831
24454
4963
27808
7930
14658
13185
26455
9986
8607
25088
11998
2710
14108
15708
7080
18246
22644
16892
9736
27454
18960
8000
10576
23120
29132
14468
1942
16455
32184
19630
25340
4419
29773
3107
28426
6576
32599
18316
21294
2974
27601
31931
30953
18116
3443
5497
25441
12466
6536
12543
14171
19036
32697
24647
24058
31137
29949
17692
17318
28180
2091
22818
27933
4197
2384
32750
8850
14329
18172
20566
27871
13550
5797
23242
5986
22236
12277
1527
12013
19937
10686
32071
24963
2411
25532
31452
3432
24626
5953
15493
27338
11432
31016
13151
11449
11593
14754
23626
10915
26316
30605
25851
18832
14295
10825
23278
31756
8137
29533
24267
29780
22191
10386
6646
6979
25244
30572
1906
32227
23422
19574
28714
5182
2964
21018
21035
16956
31001
5299
11267
964
22763
21027
5697
8615
24299
8930
13411
21627
5307
10787
27310
25967
30164
14394
28794
27789
14500
13249
29858
15511
1756
27458
20878
23193
29537
7839
30347
24366
28684
17583
18374
10769
20979
19244
29715
11634
16618
17519
23570
11763
25708
4476
8381
32558
11408
24609
15044
18207
21557
3528
19605
20857
24519
6420
5622
359
6545
3313
13370
29332
5071
10918
31871
665
5211
1307
14511
1915
23873
24915
17961
28337
19874
28034
10544
17404
4435
29556
20850
9701
299
13748
29373
3410
13860
2453
11384
6208
7585
19325
32046
5761
10371
18648
27292
13316
3215
9437
26891
31479
3240
10276
30270
25104
4755
489
9690
3565
31115
9450
10190
21952
17214
11934
13125
32500
22308
12395
21414
23301
20329
1729
29521
29698
20242
12391
17398
172
22249
27647
24979
2627
28921
28593
31104
20264
32704
17254
26398
31161
26865
17421
28852
27257
24789
18924
17101
24821
13416
16453
6192
3693
13707
15904
13642
11873
27807
19096
20474
16360
10839
23660
22070
1851
18168
29772
14544
31093
7104
27945
18955
9227
1990
29876
4499
32559
18
19972
31561
5635
19727
10698
6241
3946
7122
8554
17081
1321
20972
32691
30031
5688
16262
1517
3862
30224
12202
23803
31025
10296
11612
535
21282
29346
29390
13183
24769
19580
31275
16265
22482
18773
4178
1352
25619
12135
11057
15865
19522
5849
5516
20062
13646
15642
4804
12696
2329
21252
24154
8104
25889
27341
22984
1441
19723
11399
4005
17659
28754
12313
14725
22639
27884
2402
6732
438
27631
22844
30887
9385
28393
14766
25177
116
31729
12685
20973
23281
8083
31153
29217
31244
22989
22904
22673
11919
27561
9828
9113
16682
14507
4188
15100
559
29458
23317
28790
22985
8453
32000
11567
2473
30407
14438
20401
9489
10942
9483
13225
18627
14316
2599
12835
15584
5954
11226
13695
9895
15977
689
19579
23077
24885
209
11888
22609
25949
31248
25585
31081
2984
18624
16867
17370
15734
15133
2653
6075
10067
26423
31772
12467
28534
18438
16430
4279
7821
27925
5713
9397
9187
18410
31235
28736
14426
8435
24184
9207
19522
11213
9214
3197
2751
9966
22217
10669
17256
4355
27494
6333
12566
15552
25464
6360
9222
14328
4253
22192
28931
3110
9851
4501
30482
21424
30173
15042
18296
10606
11268
21187
7815
21462
16012
5117
32346
746
31633
8434
9993
25199
30503
12969
4550
6880
30054
127
16078
947
26957
24490
6638
5901
4501
1445
13012
7296
11791
25850
31486
26083
14724
10548
16447
1979
4750
23002
407
25516
28361
28094
25229
8034
28950
4663
2167
30748
30292
12215
10344
26865
20131
18915
26282
12948
8630
27057
25686
20158
8803
7189
26613
1713
20782
21976
6046
4297
9044
31331
9359
17007
15118
13999
19488
20186
21685
14627
18283
28529
29033
21531
26908
22381
23843
19657
22896
26056
14286
14416
15793
13273
9578
27336
903
13820
18179
14667
8556
18705
5848
19758
6255
23998
4364
16666
18247
17070
25643
22462
3205
7094
22159
30600
17044
15726
9051
20302
13574
17940
20502
27692
17805
19310
13451
8621
4966
6802
30716
24020
18896
12432
16451
29545
3920
22180
13710
6464
28199
23426
17033
18203
17638
32492
17042
11094
15168
30062
5645
14333
23355
3063
10072
13040
15467
7787
2127
12331
3724
5095
24542
10124
27428
15736
5961
19981
30143
25840
21442
31668
28230
28038
8730
23769
12771
22946
10216
2788
6059
30663
22097
8124
6035
15100
10058
10543
27654
6448
15252
30938
19767
28175
18774
26942
4082
27651
29751
31262
20162
18290
9304
19435
18411
11857
32474
20202
7059
21187
522
32223
19153
2088
4995
8567
3623
23022
15525
31865
29452
7635
4796
1582
18848
12772
11288
3535
8139
29092
24132
24173
26857
9537
3377
13831
2040
21018
25270
11071
24431
30607
28301
8669
14691
12355
1206
32024
24390
11673
15666
15733
28410
6851
5928
29399
16264
2341
32429
4991
1175
27568
31874
19478
15922
22739
6636
2152
6837
29198
9421
14096
10596
390
1839
13834
21578
22744
25096
7957
11567
6318
30883
15585
23114
17564
31786
19081
30915
19011
11560
17776
15792
10094
15951
27507
22388
5686
29451
6175
22818
21430
28047
30940
15293
13894
16651
22651
10940
20017
11156
3219
12706
7385
2233
26261
31736
23030
13541
14380
4160
32357
8673
22526
26610
22842
30980
10482
23056
24727
31463
27903
3533
19375
27643
11731
458
4901
8481
6227
8572
21520
29203
18129
20311
2102
7375
5615
3493
2454
971
2469
27400
6699
7620
13441
3329
27811
24313
23486
6790
25373
13367
17773
7953
7211
22062
26267
23611
17010
23368
23350
28362
18900
32325
32689
30177
5646
7618
12241
17267
21528
5114
3206
13307
18802
24235
22792
11946
7189
13649
31084
17721
11965
10925
31563
7133
773
17419
23849
26701
14714
4176
996
7523
20687
20570
24085
19933
27814
10573
301
17934
31638
26496
2372
23026
16067
4275
30203
15880
15909
9541
4523
11521
17554
463
25466
7525
3227
20391
26147
12209
4080
30947
10559
9149
20475
28892
1846
4316
2322
8530
7014
25912
27758
14649
30141
2141
12415
7674
15122
12059
15301
12433
5902
19618
9042
1363
14332
8490
29498
29874
3899
7123
30319
8679
642
24096
15921
6605
29399
13882
20039
14373
4167
24880
19212
