5745
25072
1344
17133
4482
1088
8368
10502
31735
14060
348
29436
9740
32312
12652
11437
6470
32263
32640
23535
20821
18763
27367
2763
12231
26631
19897
25527
8964
32608
2293
10516
5755
26735
2757
5674
15010
29577
25730
20009
32518
1438
187
11388
5648
9934
17439
28464
24475
29843
926
12841
11149
18471
9564
24568
16239
15128
20341
13541
17360
19531
3974
25533
14507
3861
11649
11582
24384
27363
1597
18953
21917
27386
26722
31452
3730
15299
14400
31641
12356
18366
18524
18457
410
17441
22812
25016
2748
30845
97
25259
25531
12250
15595
10297
21966
19381
23041
32025
10111
14468
2890
13197
6168
27940
26722
31788
22656
26905
6174
31334
21349
9275
7728
26219
10800
22511
5585
32439
14499
2719
31772
10448
28809
13605
5667
1830
23466
10774
14281
4859
20943
3259
979
6354
4925
6343
26847
10106
31616
18367
27254
32048
2034
17173
18355
29988
14273
26785
18786
25635
26423
25812
23113
3746
14776
1846
31360
521
12908
22428
29271
15044
11933
32129
16065
3236
2763
18633
12797
25653
2040
24317
28616
14573
26898
14804
18175
14630
11929
27722
30351
11404
16926
29309
7003
6901
30484
28664
6894
5116
11628
20022
20769
24505
5601
30546
12599
20669
16365
3593
10431
14184
4071
2830
28541
12699
23870
8992
17059
4165
12293
19737
9593
17898
17120
10740
31905
27021
18936
22185
31665
25268
15888
10174
24720
4167
14109
28431
30712
29244
25649
20674
2664
25175
24120
26808
12190
20550
21453
15182
7086
25799
30752
32478
22545
25189
618
32489
11420
30176
28829
24398
3717
18382
13630
3885
23305
15715
16778
23699
17642
4549
7459
7037
23366
30693
26694
19605
1194
28029
21309
915
17952
29163
8820
3621
21584
22954
26979
7435
22064
30545
4695
7914
15617
4478
27321
14872
2229
14392
30078
11417
1439
9948
22143
16742
17275
21406
14919
8684
16445
1621
26329
14067
18049
27294
18491
8042
27887
18557
13310
10796
20041
20889
11424
29286
17393
15315
8609
30404
32465
32253
29243
15718
3052
25442
15048
12791
2017
21736
31087
8518
11479
28354
13997
15315
8366
16159
6165
3318
29315
11281
19298
18691
27683
5599
8801
9681
28033
18178
25415
25196
17034
6058
17830
8532
8074
13574
23682
4960
3770
3138
27723
18466
24025
31757
22675
16888
16222
28426
6107
22128
2229
22808
23758
26341
785
21587
15674
13800
16694
26303
6775
1186
23212
21961
12813
30580
8250
20101
6664
5906
15715
20350
29920
11958
22167
4669
3187
32687
27634
24060
30660
27423
26412
5460
19099
7044
2752
23230
11094
8365
24446
32292
9306
17334
32181
13169
27278
14927
18805
9464
11064
30372
3136
20501
15782
30425
9114
22884
18107
22509
14929
15071
6814
14372
17790
26402
28540
19360
30099
4634
651
11691
29232
12003
16608
26657
30024
1615
11409
29178
2224
5756
14001
13812
26021
27211
2651
7209
19494
28425
21012
13457
12429
13799
26972
6611
4299
11041
2857
12697
22028
28027
10340
30010
27465
13213
15750
23465
14241
23507
7137
883
10208
2195
5188
4618
28247
13670
21695
18569
14610
27191
25309
22813
733
380
4699
14502
12284
1436
27688
23432
27388
32270
24828
19458
15264
4157
7200
7179
12456
28925
5225
9532
16173
18566
3713
22277
12708
2953
30849
4741
4550
7222
21353
16141
8102
26408
11539
19627
5435
23596
29068
13201
11055
12857
17962
7000
20983
14797
24056
18521
26318
26924
22063
18833
2476
8443
27602
23673
13292
666
22090
10844
11886
18859
11044
25499
27414
819
5857
19765
29312
14388
31148
9830
8757
1441
12353
2733
25588
12871
22278
23190
14226
26142
18073
30611
24223
16589
23926
4235
16668
7620
23080
6961
25755
802
27488
7410
1321
29362
8402
17845
29905
31996
9701
5979
32164
18163
6701
7120
683
12637
1406
21196
1225
17990
8142
6518
11185
265
8705
1867
26307
15641
16916
13541
10787
24785
30620
24305
15970
10421
13560
10987
21629
30060
11682
28152
23042
20129
12449
20482
28525
4312
31544
17423
17747
27158
24185
24712
12139
7863
8787
6709
11677
20369
27485
19212
1937
21905
24671
11734
20096
25069
14772
29027
23389
24494
13483
28812
5278
20406
16093
12700
1446
27889
28222
25565
17750
10522
27438
18172
30900
5430
17366
15859
18518
4689
11187
7485
9675
26766
27022
6842
23834
27689
10163
1588
30286
9934
15898
19321
2299
11166
5332
29002
22812
30949
2591
3763
13602
26480
5930
23069
10889
5154
28043
17318
28885
17356
3270
7307
5651
25316
9112
25897
4712
2970
16100
6774
29697
5934
20377
26176
32673
17343
22046
1608
28177
18924
15943
19703
11147
25541
22261
2427
30073
1750
1129
11617
18668
12419
5058
11044
27675
2172
3006
9299
21822
32184
21617
26101
26519
2332
14503
4729
21473
5236
2235
23452
2666
24935
15171
25387
23598
22691
18417
13574
22986
861
21188
28202
12550
2928
231
27900
13181
27007
9402
21366
3783
26608
30137
18351
18168
29599
1653
5967
128
27303
14348
21876
28300
13912
776
9182
31220
6579
23944
8053
21086
10292
566
15241
9810
23280
328
8126
12671
12239
26880
12228
2055
16211
30073
6120
5744
11731
1660
21863
25591
28941
11194
30095
12757
12851
15798
31776
22915
22147
27564
3748
19802
25564
16822
9366
9886
22929
28127
24655
9028
22039
6273
16040
14660
15092
1038
22950
11370
7334
27451
32285
23885
4798
1393
28597
32070
11139
25958
12632
11199
11546
6374
11001
20578
23597
19586
1115
9851
27012
26651
23191
9552
12054
27780
22288
25945
27139
10707
23671
12846
1154
6764
23519
17916
9682
13127
9608
14480
6857
9525
29857
8149
28402
30158
23238
850
691
22360
2551
16462
23321
31423
5096
31965
4721
26564
8968
32720
16633
14356
26619
5624
29934
26055
9335
7684
9071
20412
24692
1510
28780
20226
13663
4455
4489
24811
7321
7305
5489
13102
8699
29584
3314
6501
20752
7374
16145
2306
8867
3301
7533
7480
27022
27405
19036
2507
7637
19337
7165
11658
31312
16878
5435
23261
3235
19082
11151
19606
19250
25341
1410
9518
826
23314
14594
19035
17109
24702
9408
24136
25838
32165
3594
25678
24542
4176
6969
15780
5507
22021
26819
23915
13888
23730
15200
22134
31520
32016
19443
26804
16544
25840
21252
